[gd_scene load_steps=9 format=2]

[ext_resource path="res://Source/Actor/Pershing/Pershing.tscn" type="PackedScene" id=1]
[ext_resource path="res://Source/Object/Tank_bullet.tscn" type="PackedScene" id=2]
[ext_resource path="res://Mesh/Sign/sign.obj" type="ArrayMesh" id=3]
[ext_resource path="res://Source/Main/DevCam.tscn" type="PackedScene" id=4]
[ext_resource path="res://icon.png" type="Texture" id=7]

[sub_resource type="PlaneMesh" id=1]

[sub_resource type="SpatialMaterial" id=8]
albedo_texture = ExtResource( 7 )
uv1_triplanar = true

[sub_resource type="BoxShape" id=2]
extents = Vector3( 1, 0.001, 1 )

[node name="Level" type="Node"]

[node name="Ground" type="StaticBody" parent="."]
transform = Transform( 20, 0, 0, 0, 1, 0, 0, 0, 20, 0, 0, 0 )

[node name="MeshInstance" type="MeshInstance" parent="Ground"]
transform = Transform( 1, 0, 0, 0, 1, 0, 0, 0, 1, -0.000396843, -0.00214267, -0.000177181 )
mesh = SubResource( 1 )
material/0 = SubResource( 8 )

[node name="CollisionShape" type="CollisionShape" parent="Ground"]
shape = SubResource( 2 )

[node name="Pershing" parent="." instance=ExtResource( 1 )]
transform = Transform( 0.0317945, 0, -0.999494, 0, 1, 0, 0.999494, 0, 0.0317945, -3.44627, 0.496373, -0.177633 )
mass = 50.0

[node name="DirectionalLight" type="DirectionalLight" parent="."]
transform = Transform( 1, 0, 0, 0, -0.984808, 0.173648, 0, -0.173648, -0.984808, 0, 0, -22.6266 )
light_energy = 0.5

[node name="sign" type="MeshInstance" parent="."]
transform = Transform( 1, 0, 0, 0, 0.996195, -0.0871557, 0, 0.0871557, 0.996195, -1.67425, -2.38419e-07, -5.76386 )
mesh = ExtResource( 3 )
skeleton = NodePath("../Pershing/SpringArm/Camera")
material/0 = null
material/1 = null
material/2 = null

[node name="Bullet" parent="." instance=ExtResource( 2 )]
transform = Transform( 1, 0, 0, 0, 1, 0, 0, 0, 1, 3.20411, 1, 0 )

[node name="DevCam" parent="." instance=ExtResource( 4 )]
